6.00191 1.47633 0.122467 92.7436 0.000538397 0.00663798 0.827478 -3.59674 
1.47633 1.31751 -0.000684538 21.0015 0.000165068 -0.0179261 0.931545 10.2575 
0.122467 -0.000684538 0.0062509 2.27452 1.13738e-05 0.000799185 -0.00471027 -0.448723 
92.7436 21.0015 2.27452 2249.77 0.0114798 0.786955 -5.04456 -445.85 
0.000538397 0.000165068 1.13738e-05 0.0114798 6.25241e-08 2.32708e-06 4.02549e-05 -0.00131028 
0.00663798 -0.0179261 0.000799185 0.786955 2.32708e-06 0.00102033 -0.0307868 -0.581784 
0.827478 0.931545 -0.00471027 -5.04456 4.02549e-05 -0.0307868 1.14261 17.5876 
-3.59674 10.2575 -0.448723 -445.85 -0.00131028 -0.581784 17.5876 331.737 
6.00191 1.47633 0.122467 92.7436 0.000538397 0.00663798 0.827478 -3.59674 0.253246 
1.47633 1.31751 -0.000684538 21.0015 0.000165068 -0.0179261 0.931545 10.2575 1.08983 
0.122467 -0.000684538 0.0062509 2.27452 1.13738e-05 0.000799185 -0.00471027 -0.448723 -0.0249942 
92.7436 21.0015 2.27452 2249.77 0.0114798 0.786955 -5.04456 -445.85 -34.4556 
0.000538397 0.000165068 1.13738e-05 0.0114798 6.25241e-08 2.32708e-06 4.02549e-05 -0.00131028 -7.71529e-05 
0.00663798 -0.0179261 0.000799185 0.786955 2.32708e-06 0.00102033 -0.0307868 -0.581784 -0.0558489 
0.827478 0.931545 -0.00471027 -5.04456 4.02549e-05 -0.0307868 1.14261 17.5876 1.786 
-3.59674 10.2575 -0.448723 -445.85 -0.00131028 -0.581784 17.5876 331.737 31.8719 
0.253246 1.08983 -0.0249942 -34.4556 -7.71529e-05 -0.0558489 1.786 31.8719 3.1454 
6.00191 1.47633 0.122467 92.7436 0.000538397 0.00663798 0.827478 -3.59674 0.253246 -23.8503 
1.47633 1.31751 -0.000684538 21.0015 0.000165068 -0.0179261 0.931545 10.2575 1.08983 -77.366 
0.122467 -0.000684538 0.0062509 2.27452 1.13738e-05 0.000799185 -0.00471027 -0.448723 -0.0249942 1.93027 
92.7436 21.0015 2.27452 2249.77 0.0114798 0.786955 -5.04456 -445.85 -34.4556 2275.06 
0.000538397 0.000165068 1.13738e-05 0.0114798 6.25241e-08 2.32708e-06 4.02549e-05 -0.00131028 -7.71529e-05 0.00473823 
0.00663798 -0.0179261 0.000799185 0.786955 2.32708e-06 0.00102033 -0.0307868 -0.581784 -0.0558489 3.81872 
0.827478 0.931545 -0.00471027 -5.04456 4.02549e-05 -0.0307868 1.14261 17.5876 1.786 -123.117 
-3.59674 10.2575 -0.448723 -445.85 -0.00131028 -0.581784 17.5876 331.737 31.8719 -2179.1 
0.253246 1.08983 -0.0249942 -34.4556 -7.71529e-05 -0.0558489 1.786 31.8719 3.1454 -214.927 
-23.8503 -77.366 1.93027 2275.06 0.00473823 3.81872 -123.117 -2179.1 -214.927 14733.8 
6.00191 1.47633 0.122467 92.7436 0.000538397 0.00663798 0.827478 -3.59674 0.253246 -23.8503 7.70485 
1.47633 1.31751 -0.000684538 21.0015 0.000165068 -0.0179261 0.931545 10.2575 1.08983 -77.366 0.041928 
0.122467 -0.000684538 0.0062509 2.27452 1.13738e-05 0.000799185 -0.00471027 -0.448723 -0.0249942 1.93027 0.179839 
92.7436 21.0015 2.27452 2249.77 0.0114798 0.786955 -5.04456 -445.85 -34.4556 2275.06 167.987 
0.000538397 0.000165068 1.13738e-05 0.0114798 6.25241e-08 2.32708e-06 4.02549e-05 -0.00131028 -7.71529e-05 0.00473823 0.000792076 
0.00663798 -0.0179261 0.000799185 0.786955 2.32708e-06 0.00102033 -0.0307868 -0.581784 -0.0558489 3.81872 0.0940653 
0.827478 0.931545 -0.00471027 -5.04456 4.02549e-05 -0.0307868 1.14261 17.5876 1.786 -123.117 -1.70246 
-3.59674 10.2575 -0.448723 -445.85 -0.00131028 -0.581784 17.5876 331.737 31.8719 -2179.1 -53.4488 
0.253246 1.08983 -0.0249942 -34.4556 -7.71529e-05 -0.0558489 1.786 31.8719 3.1454 -214.927 -4.4785 
-23.8503 -77.366 1.93027 2275.06 0.00473823 3.81872 -123.117 -2179.1 -214.927 14733.8 294.065 
7.70485 0.041928 0.179839 167.987 0.000792076 0.0940653 -1.70246 -53.4488 -4.4785 294.065 17.7858 
6.00191 1.47633 0.122467 92.7436 0.000538397 0.00663798 0.827478 -3.59674 0.253246 -23.8503 7.70485 -0.149896 
1.47633 1.31751 -0.000684538 21.0015 0.000165068 -0.0179261 0.931545 10.2575 1.08983 -77.366 0.041928 -0.991222 
0.122467 -0.000684538 0.0062509 2.27452 1.13738e-05 0.000799185 -0.00471027 -0.448723 -0.0249942 1.93027 0.179839 0.0214136 
92.7436 21.0015 2.27452 2249.77 0.0114798 0.786955 -5.04456 -445.85 -34.4556 2275.06 167.987 33.5445 
0.000538397 0.000165068 1.13738e-05 0.0114798 6.25241e-08 2.32708e-06 4.02549e-05 -0.00131028 -7.71529e-05 0.00473823 0.000792076 7.9803e-05 
0.00663798 -0.0179261 0.000799185 0.786955 2.32708e-06 0.00102033 -0.0307868 -0.581784 -0.0558489 3.81872 0.0940653 0.0525322 
0.827478 0.931545 -0.00471027 -5.04456 4.02549e-05 -0.0307868 1.14261 17.5876 1.786 -123.117 -1.70246 -1.66623 
-3.59674 10.2575 -0.448723 -445.85 -0.00131028 -0.581784 17.5876 331.737 31.8719 -2179.1 -53.4488 -29.98 
0.253246 1.08983 -0.0249942 -34.4556 -7.71529e-05 -0.0558489 1.786 31.8719 3.1454 -214.927 -4.4785 -2.95622 
-23.8503 -77.366 1.93027 2275.06 0.00473823 3.81872 -123.117 -2179.1 -214.927 14733.8 294.065 201.487 
7.70485 0.041928 0.179839 167.987 0.000792076 0.0940653 -1.70246 -53.4488 -4.4785 294.065 17.7858 4.36498 
-0.149896 -0.991222 0.0214136 33.5445 7.9803e-05 0.0525322 -1.66623 -29.98 -2.95622 201.487 4.36498 2.7845 
6.00191 1.47633 0.122467 92.7436 0.000538397 0.00663798 0.827478 -3.59674 0.253246 -23.8503 7.70485 -0.149896 -0.970925 
1.47633 1.31751 -0.000684538 21.0015 0.000165068 -0.0179261 0.931545 10.2575 1.08983 -77.366 0.041928 -0.991222 -7.90563 
0.122467 -0.000684538 0.0062509 2.27452 1.13738e-05 0.000799185 -0.00471027 -0.448723 -0.0249942 1.93027 0.179839 0.0214136 0.0188275 
92.7436 21.0015 2.27452 2249.77 0.0114798 0.786955 -5.04456 -445.85 -34.4556 2275.06 167.987 33.5445 313.11 
0.000538397 0.000165068 1.13738e-05 0.0114798 6.25241e-08 2.32708e-06 4.02549e-05 -0.00131028 -7.71529e-05 0.00473823 0.000792076 7.9803e-05 0.000733492 
0.00663798 -0.0179261 0.000799185 0.786955 2.32708e-06 0.00102033 -0.0307868 -0.581784 -0.0558489 3.81872 0.0940653 0.0525322 0.440389 
0.827478 0.931545 -0.00471027 -5.04456 4.02549e-05 -0.0307868 1.14261 17.5876 1.786 -123.117 -1.70246 -1.66623 -13.7778 
-3.59674 10.2575 -0.448723 -445.85 -0.00131028 -0.581784 17.5876 331.737 31.8719 -2179.1 -53.4488 -29.98 -251.179 
0.253246 1.08983 -0.0249942 -34.4556 -7.71529e-05 -0.0558489 1.786 31.8719 3.1454 -214.927 -4.4785 -2.95622 -22.9459 
-23.8503 -77.366 1.93027 2275.06 0.00473823 3.81872 -123.117 -2179.1 -214.927 14733.8 294.065 201.487 1575.27 
7.70485 0.041928 0.179839 167.987 0.000792076 0.0940653 -1.70246 -53.4488 -4.4785 294.065 17.7858 4.36498 36.5811 
-0.149896 -0.991222 0.0214136 33.5445 7.9803e-05 0.0525322 -1.66623 -29.98 -2.95622 201.487 4.36498 2.7845 21.928 
-0.970925 -7.90563 0.0188275 313.11 0.000733492 0.440389 -13.7778 -251.179 -22.9459 1575.27 36.5811 21.928 609.365 
6.00191 1.47633 0.122467 92.7436 0.000538397 0.00663798 0.827478 -3.59674 0.253246 -23.8503 7.70485 -0.149896 -0.970925 0.00323708 
1.47633 1.31751 -0.000684538 21.0015 0.000165068 -0.0179261 0.931545 10.2575 1.08983 -77.366 0.041928 -0.991222 -7.90563 0.00100068 
0.122467 -0.000684538 0.0062509 2.27452 1.13738e-05 0.000799185 -0.00471027 -0.448723 -0.0249942 1.93027 0.179839 0.0214136 0.0188275 7.21307e-05 
92.7436 21.0015 2.27452 2249.77 0.0114798 0.786955 -5.04456 -445.85 -34.4556 2275.06 167.987 33.5445 313.11 0.0676106 
0.000538397 0.000165068 1.13738e-05 0.0114798 6.25241e-08 2.32708e-06 4.02549e-05 -0.00131028 -7.71529e-05 0.00473823 0.000792076 7.9803e-05 0.000733492 3.71264e-07 
0.00663798 -0.0179261 0.000799185 0.786955 2.32708e-06 0.00102033 -0.0307868 -0.581784 -0.0558489 3.81872 0.0940653 0.0525322 0.440389 1.21772e-05 
0.827478 0.931545 -0.00471027 -5.04456 4.02549e-05 -0.0307868 1.14261 17.5876 1.786 -123.117 -1.70246 -1.66623 -13.7778 0.000296787 
-3.59674 10.2575 -0.448723 -445.85 -0.00131028 -0.581784 17.5876 331.737 31.8719 -2179.1 -53.4488 -29.98 -251.179 -0.00683847 
0.253246 1.08983 -0.0249942 -34.4556 -7.71529e-05 -0.0558489 1.786 31.8719 3.1454 -214.927 -4.4785 -2.95622 -22.9459 -0.000353888 
-23.8503 -77.366 1.93027 2275.06 0.00473823 3.81872 -123.117 -2179.1 -214.927 14733.8 294.065 201.487 1575.27 0.0214701 
7.70485 0.041928 0.179839 167.987 0.000792076 0.0940653 -1.70246 -53.4488 -4.4785 294.065 17.7858 4.36498 36.5811 0.0045589 
-0.149896 -0.991222 0.0214136 33.5445 7.9803e-05 0.0525322 -1.66623 -29.98 -2.95622 201.487 4.36498 2.7845 21.928 0.000370665 
-0.970925 -7.90563 0.0188275 313.11 0.000733492 0.440389 -13.7778 -251.179 -22.9459 1575.27 36.5811 21.928 609.365 0.00313236 
0.00323708 0.00100068 7.21307e-05 0.0676106 3.71264e-07 1.21772e-05 0.000296787 -0.00683847 -0.000353888 0.0214701 0.0045589 0.000370665 0.00313236 2.21516e-06 
6.00191 1.47633 0.122467 92.7436 0.000538397 0.00663798 0.827478 -3.59674 0.253246 -23.8503 7.70485 -0.149896 -0.970925 0.00323708 9.2944 
1.47633 1.31751 -0.000684538 21.0015 0.000165068 -0.0179261 0.931545 10.2575 1.08983 -77.366 0.041928 -0.991222 -7.90563 0.00100068 2.05079 
0.122467 -0.000684538 0.0062509 2.27452 1.13738e-05 0.000799185 -0.00471027 -0.448723 -0.0249942 1.93027 0.179839 0.0214136 0.0188275 7.21307e-05 0.509668 
92.7436 21.0015 2.27452 2249.77 0.0114798 0.786955 -5.04456 -445.85 -34.4556 2275.06 167.987 33.5445 313.11 0.0676106 85.4758 
0.000538397 0.000165068 1.13738e-05 0.0114798 6.25241e-08 2.32708e-06 4.02549e-05 -0.00131028 -7.71529e-05 0.00473823 0.000792076 7.9803e-05 0.000733492 3.71264e-07 0.000636601 
0.00663798 -0.0179261 0.000799185 0.786955 2.32708e-06 0.00102033 -0.0307868 -0.581784 -0.0558489 3.81872 0.0940653 0.0525322 0.440389 1.21772e-05 -0.0721551 
0.827478 0.931545 -0.00471027 -5.04456 4.02549e-05 -0.0307868 1.14261 17.5876 1.786 -123.117 -1.70246 -1.66623 -13.7778 0.000296787 3.81893 
-3.59674 10.2575 -0.448723 -445.85 -0.00131028 -0.581784 17.5876 331.737 31.8719 -2179.1 -53.4488 -29.98 -251.179 -0.00683847 41.8207 
0.253246 1.08983 -0.0249942 -34.4556 -7.71529e-05 -0.0558489 1.786 31.8719 3.1454 -214.927 -4.4785 -2.95622 -22.9459 -0.000353888 5.70137 
-23.8503 -77.366 1.93027 2275.06 0.00473823 3.81872 -123.117 -2179.1 -214.927 14733.8 294.065 201.487 1575.27 0.0214701 -360.693 
7.70485 0.041928 0.179839 167.987 0.000792076 0.0940653 -1.70246 -53.4488 -4.4785 294.065 17.7858 4.36498 36.5811 0.0045589 1.03392 
-0.149896 -0.991222 0.0214136 33.5445 7.9803e-05 0.0525322 -1.66623 -29.98 -2.95622 201.487 4.36498 2.7845 21.928 0.000370665 -5.65459 
-0.970925 -7.90563 0.0188275 313.11 0.000733492 0.440389 -13.7778 -251.179 -22.9459 1575.27 36.5811 21.928 609.365 0.00313236 -65.0484 
0.00323708 0.00100068 7.21307e-05 0.0676106 3.71264e-07 1.21772e-05 0.000296787 -0.00683847 -0.000353888 0.0214701 0.0045589 0.000370665 0.00313236 2.21516e-06 0.00453101 
9.2944 2.05079 0.509668 85.4758 0.000636601 -0.0721551 3.81893 41.8207 5.70137 -360.693 1.03392 -5.65459 -65.0484 0.00453101 63.3647 
